Team,Year,Rank,Result,Change,Combinations
DET,2023,1,5,-4,140
HOU,2023,2,4,-2,140
SAS,2023,3,1,2,140
CHA,2023,4,2,2,125
POR,2023,5,3,2,105
ORL,2023,6,6,0,90
IND,2023,7,7,0,68
WAW,2023,8,8,0,67
UTA,2023,9,9,0,45
DAL,2023,10,10,0,30
CHI,2023,11,11,0,18
SEA/OKC,2023,12,12,0,17
TOR,2023,13,13,0,10
CHA/NOP,2023,14,14,0,5
HOU,2022,1,3,-2,140
ORL,2022,2,1,1,140
DET,2022,3,5,-2,140
SEA/OKC,2022,4,2,2,115
IND,2022,5,6,-1,115
POR,2022,6,7,-1,90
SAC,2022,7,4,3,75
LAL,2022,8,8,0,45
SAS,2022,9,9,0,45
WAW,2022,10,10,0,45
NYK,2022,11,11,0,18
LAC,2022,12,12,0,17
CHA,2022,13,13,0,10
CLE,2022,14,14,0,5
HOU,2021,1,2,-1,140
DET,2021,2,1,1,140
ORL,2021,3,5,-2,140
SEA/OKC,2021,4,6,-2,115
CLE,2021,5,3,2,115
GSW,2021,6,7,-1,90
TOR,2021,7,4,3,75
CHI,2021,8,8,0,45
SAC,2021,9,9,0,45
CHA/NOP,2021,10,10,0,45
CHA,2021,11,11,0,18
SAS,2021,12,12,0,17
IND,2021,13,13,0,10
GSW,2021,14,14,0,5
GSW,2020,1,2,-1,140
CLE,2020,2,5,-3,140
MIN,2020,3,1,2,140
ATL,2020,4,6,-2,125
DET,2020,5,7,-2,105
NYK,2020,6,8,-2,90
CHI,2020,7,4,3,75
CHA,2020,8,3,5,60
WAW,2020,9,9,0,45
PHX,2020,10,10,0,30
SAS,2020,11,11,0,20
SAC,2020,12,12,0,13
CHA/NOP,2020,13,13,0,12
VAN/MEM,2020,14,14,0,5
NYK,2019,1,3,-2,140
CLE,2019,2,5,-3,140
PHX,2019,3,6,-3,140
CHI,2019,4,7,-3,125
ATL,2019,5,8,-3,105
WAW,2019,6,9,-3,90
CHA/NOP,2019,7,1,6,60
VAN/MEM,2019,8,2,6,60
DAL,2019,9,10,-1,60
MIN,2019,10,11,-1,30
LAL,2019,11,4,7,20
CHA,2019,12,12,0,10
MIA,2019,13,13,0,10
SAC,2019,14,14,0,10
PHX,2018,1,1,0,250
VAN/MEM,2018,2,4,-2,200
DAL,2018,3,5,-2,138
ATL,2018,4,3,1,137
ORL,2018,5,6,-1,88
CHI,2018,6,7,-1,53
SAC,2018,7,2,5,53
BKN,2018,8,8,0,28
NYK,2018,9,9,0,17
LAL,2018,10,10,0,11
CHA,2018,11,11,0,8
DET,2018,12,12,0,7
LAC,2018,13,13,0,6
DEN,2018,14,14,0,5
BKN,2017,1,1,0,250
PHX,2017,2,4,-2,199
LAL,2017,3,2,1,156
PHI,2017,4,5,-1,119
ORL,2017,5,6,-1,88
MIN,2017,6,7,-1,53
NYK,2017,7,8,-1,53
SAC,2017,8,3,5,28
DAL,2017,9,9,0,17
CHA/NOP,2017,10,10,0,11
CHA,2017,11,11,0,8
DET,2017,12,12,0,7
DEN,2017,13,13,0,6
MIA,2017,14,14,0,5
PHI,2016,1,1,0,250
LAL,2016,2,2,0,199
BKN,2016,3,3,0,156
PHX,2016,4,4,0,119
MIN,2016,5,5,0,88
CHA/NOP,2016,6,6,0,63
NYK,2016,7,7,0,43
SAC,2016,8,8,0,19
DEN,2016,9,9,0,19
MIL,2016,10,10,0,18
ORL,2016,11,11,0,8
UTA,2016,12,12,0,7
WAW,2016,13,13,0,6
CHI,2016,14,14,0,5
MIN,2015,1,1,0,250
NYK,2015,2,4,-2,199
PHI,2015,3,3,0,156
LAL,2015,4,2,2,119
ORL,2015,5,5,0,88
SAC,2015,6,6,0,63
DEN,2015,7,7,0,43
DET,2015,8,8,0,28
CHA,2015,9,9,0,17
MIA,2015,10,10,0,11
IND,2015,11,11,0,8
UTA,2015,12,12,0,7
PHX,2015,13,13,0,6
SEA/OKC,2015,14,14,0,5
MIL,2014,1,2,-1,250
PHI,2014,2,3,-1,199
ORL,2014,3,4,-1,156
UTA,2014,4,5,-1,104
BOS,2014,5,6,-1,103
LAL,2014,6,7,-1,63
SAC,2014,7,8,-1,43
DET,2014,8,9,-1,28
CLE,2014,9,1,8,17
CHA/NOP,2014,10,10,0,11
DEN,2014,11,11,0,8
NYK,2014,12,12,0,7
MIN,2014,13,13,0,6
PHX,2014,14,14,0,5
ORL,2013,1,2,-1,250
CHA,2013,2,4,-2,199
CLE,2013,3,1,2,156
PHX,2013,4,5,-1,119
CHA/NOP,2013,5,6,-1,88
SAC,2013,6,7,-1,63
DET,2013,7,8,-1,36
WAW,2013,8,3,5,35
MIN,2013,9,9,0,17
POR,2013,10,10,0,11
PHI,2013,11,11,0,8
TOR,2013,12,12,0,7
DAL,2013,13,13,0,6
UTA,2013,14,14,0,5
CHA,2012,1,2,-1,250
WAW,2012,2,3,-1,199
CLE,2012,3,4,-1,138
CHA/NOP,2012,4,1,3,137
SAC,2012,5,5,0,76
BKN,2012,6,6,0,75
GSW,2012,7,7,0,36
TOR,2012,8,8,0,35
DET,2012,9,9,0,17
MIN,2012,10,10,0,11
POR,2012,11,11,0,8
MIL,2012,12,12,0,7
PHX,2012,13,13,0,6
HOU,2012,14,14,0,5
MIN,2011,1,2,-1,250
CLE,2011,2,4,-2,199
TOR,2011,3,5,-2,156
WAW,2011,4,6,-2,119
SAC,2011,5,7,-2,76
BKN,2011,6,3,3,75
DET,2011,7,8,-1,43
LAC,2011,8,1,7,28
CHA,2011,9,9,0,17
MIL,2011,10,10,0,11
GSW,2011,11,11,0,8
UTA,2011,12,12,0,7
PHX,2011,13,13,0,6
HOU,2011,14,14,0,5
BKN,2010,1,3,-2,250
MIN,2010,2,4,-2,199
SAC,2010,3,5,-2,156
GSW,2010,4,6,-2,104
WAW,2010,5,1,4,103
PHI,2010,6,2,4,53
DET,2010,7,7,0,53
LAC,2010,8,8,0,23
NYK,2010,9,9,0,22
IND,2010,10,10,0,11
CHA/NOP,2010,11,11,0,8
VAN/MEM,2010,12,12,0,7
TOR,2010,13,13,0,6
HOU,2010,14,14,0,5
SAC,2009,1,4,-3,250
WAW,2009,2,5,-3,178
LAC,2009,3,1,2,177
SEA/OKC,2009,4,3,1,119
MIN,2009,5,6,-1,76
VAN/MEM,2009,6,2,4,75
GSW,2009,7,7,0,43
NYK,2009,8,8,0,28
TOR,2009,9,9,0,17
MIL,2009,10,10,0,10
BKN,2009,11,11,0,9
CHA,2009,12,12,0,7
IND,2009,13,13,0,6
PHX,2009,14,14,0,5
MIA,2008,1,2,-1,250
SEA/OKC,2008,2,4,-2,199
MIN,2008,3,3,0,138
VAN/MEM,2008,4,5,-1,137
NYK,2008,5,6,-1,76
LAC,2008,6,7,-1,75
MIL,2008,7,8,-1,43
CHA,2008,8,9,-1,28
CHI,2008,9,1,8,17
BKN,2008,10,10,0,11
IND,2008,11,11,0,8
SAC,2008,12,12,0,7
POR,2008,13,13,0,6
GSW,2008,14,14,0,5
VAN/MEM,2007,1,4,-3,250
BOS,2007,2,5,-3,199
MIL,2007,3,6,-3,156
ATL,2007,4,3,1,119
SEA/OKC,2007,5,2,3,88
MIN,2007,6,7,-1,53
POR,2007,7,1,6,53
CHA,2007,8,8,0,19
NYK,2007,9,9,0,19
SAC,2007,10,10,0,18
IND,2007,11,11,0,8
PHI,2007,12,12,0,7
CHA/NOP,2007,13,13,0,6
LAC,2007,14,14,0,5
POR,2006,1,4,-3,250
NYK,2006,2,2,0,199
CHA,2006,3,3,0,138
ATL,2006,4,5,-1,137
TOR,2006,5,1,4,88
MIN,2006,6,6,0,53
BOS,2006,7,7,0,53
HOU,2006,8,8,0,23
GSW,2006,9,9,0,22
SEA/OKC,2006,10,10,0,11
ORL,2006,11,11,0,8
CHA/NOP,2006,12,12,0,7
PHI,2006,13,13,0,6
UTA,2006,14,14,0,5
ATL,2005,1,2,-1,250
CHA/NOP,2005,2,4,-2,178
CHA,2005,3,5,-2,177
POR,2005,4,3,1,119
UTA,2005,5,6,-1,88
MIL,2005,6,1,5,63
TOR,2005,7,7,0,36
NYK,2005,8,8,0,35
GSW,2005,9,9,0,14
LAL,2005,10,10,0,14
ORL,2005,11,11,0,8
LAC,2005,12,12,0,7
CLE,2005,13,13,0,6
MIN,2005,14,14,0,5
ORL,2004,1,1,0,250
CHI,2004,2,3,-1,200
ATL,2004,3,5,-2,157
WAW,2004,4,4,0,105
LAC,2004,5,2,3,104
PHX,2004,6,6,0,64
TOR,2004,7,7,0,37
PHI,2004,8,8,0,36
CLE,2004,9,9,0,18
GSW,2004,10,10,0,9
SEA/OKC,2004,11,11,0,9
POR,2004,12,12,0,6
UTA,2004,13,13,0,5
CLE,2003,1,1,0,225
DEN,2003,2,3,-1,225
TOR,2003,3,4,-1,157
MIA,2003,4,5,-1,120
LAC,2003,5,6,-1,89
VAN/MEM,2003,6,2,4,64
CHI,2003,7,7,0,44
ATL,2003,8,8,0,29
NYK,2003,9,9,0,15
WAW,2003,10,10,0,14
GSW,2003,11,11,0,7
SEA/OKC,2003,12,12,0,6
HOU,2003,13,13,0,5
GSW,2002,1,3,-2,225
CHI,2002,2,2,0,225
VAN/MEM,2002,3,4,-1,157
DEN,2002,4,5,-1,120
HOU,2002,5,1,4,89
CLE,2002,6,6,0,64
NYK,2002,7,7,0,44
ATL,2002,8,8,0,29
PHX,2002,9,9,0,15
MIA,2002,10,10,0,14
WAW,2002,11,11,0,7
LAC,2002,12,12,0,6
MIL,2002,13,13,0,5
CHI,2001,1,4,-3,250
GSW,2001,2,5,-3,200
WAW,2001,3,1,2,157
VAN/MEM,2001,4,6,-2,120
ATL,2001,5,3,2,89
BKN,2001,6,7,-1,64
CLE,2001,7,8,-1,44
LAC,2001,8,2,6,29
DET,2001,9,9,0,18
BOS,2001,10,10,0,11
DEN,2001,11,11,0,7
SEA/OKC,2001,12,12,0,6
HOU,2001,13,13,0,5
LAC,2000,1,3,-2,250
CHI,2000,2,4,-2,200
ORL,2000,3,5,-2,157
VAN/MEM,2000,4,2,2,120
ATL,2000,5,6,-1,89
WAW,2000,6,7,-1,64
BKN,2000,7,1,6,44
CLE,2000,8,8,0,29
HOU,2000,9,9,0,18
ORL,2000,10,10,0,11
BOS,2000,11,11,0,9
DAL,2000,12,12,0,6
ORL,2000,13,13,0,5
VAN/MEM,1999,1,2,-1,250
LAC,1999,2,4,-2,200
CHI,1999,3,1,2,157
TOR,1999,4,5,-1,120
MIN,1999,5,6,-1,89
WAW,1999,6,7,-1,64
BOS,1999,7,8,-1,37
PHX,1999,8,9,-1,36
GSW,1999,9,10,-1,18
CLE,1999,10,11,-1,9
TOR,1999,11,12,-1,7
SEA/OKC,1999,12,13,-1,6
CHA/NOP,1999,13,3,10,5
DEN,1998,1,3,-2,250
TOR,1998,2,4,-2,200
LAC,1998,3,1,2,157
GSW,1998,4,5,-1,105
VAN/MEM,1998,5,2,3,104
DAL,1998,6,6,0,64
SAC,1998,7,7,0,44
PHI,1998,8,8,0,29
MIL,1998,9,9,0,15
BOS,1998,10,10,0,14
DET,1998,11,11,0,7
ORL,1998,12,12,0,6
WAW,1998,13,13,0,5
VAN/MEM,1997,1,4,-3,250
BOS,1997,2,3,-1,200
SAS,1997,3,1,2,157
DEN,1997,4,5,-1,120
PHI,1997,5,2,3,89
BOS,1997,6,6,0,64
BKN,1997,7,7,0,44
GSW,1997,8,8,0,24
TOR,1997,9,9,0,23
MIL,1997,10,10,0,11
SAC,1997,11,11,0,7
IND,1997,12,12,0,6
CLE,1997,13,13,0,5
VAN/MEM,1996,1,3,-2,250
PHI,1996,2,1,1,200
TOR,1996,3,2,1,157
MIL,1996,4,4,0,120
MIN,1996,5,5,0,77
DAL,1996,6,6,0,76
LAC,1996,7,7,0,44
BKN,1996,8,8,0,29
DAL,1996,9,9,0,18
DEN,1996,10,10,0,11
GSW,1996,11,11,0,7
CLE,1996,12,12,0,6
CHA/NOP,1996,13,13,0,5
LAC,1995,1,2,-1,250
WAW,1995,2,4,-2,164
MIN,1995,3,5,-2,164
PHI,1995,4,3,1,163
GSW,1995,5,1,4,94
DET,1995,6,6,0,66
BKN,1995,7,7,0,44
MIA,1995,8,8,0,27
MIL,1995,9,9,0,15
DAL,1995,10,10,0,8
SAC,1995,11,11,0,5
DAL,1994,1,2,-1,250
DET,1994,2,3,-1,164
MIN,1994,3,4,-1,164
MIL,1994,4,1,3,163
WAW,1994,5,5,0,94
PHI,1994,6,6,0,66
LAC,1994,7,7,0,44
SAC,1994,8,8,0,27
BOS,1994,9,9,0,15
LAL,1994,10,10,0,8
CHA/NOP,1994,11,11,0,5
DAL,1993,1,4,-3,166.667
MIN,1993,2,5,-3,151.515
WAW,1993,3,6,-3,136.364
SAC,1993,4,7,-3,121.212
PHI,1993,5,2,3,106.061
MIL,1993,6,8,-2,90.909
GSW,1993,7,3,4,75.758
DEN,1993,8,9,-1,60.606
MIA,1993,9,10,-1,45.455
DET,1993,10,11,-1,30.303
ORL,1993,11,1,10,15.152
MIN,1992,1,3,-2,166.667
ORL,1992,2,1,1,151.515
DAL,1992,3,4,-1,136.364
DEN,1992,4,5,-1,121.212
WAW,1992,5,6,-1,106.061
SAC,1992,6,7,-1,90.909
MIL,1992,7,8,-1,75.758
CHA/NOP,1992,8,2,6,60.606
PHI,1992,9,9,0,45.455
ATL,1992,10,10,0,30.303
ORL,1992,11,11,0,15.152
DEN,1991,1,4,-3,166.667
MIA,1991,2,5,-3,151.515
SAC,1991,3,3,0,136.364
BKN,1991,4,2,2,121.212
CHA/NOP,1991,5,1,4,106.061
DAL,1991,6,6,0,90.909
MIN,1991,7,7,0,75.758
WAW,1991,8,8,0,60.606
LAC,1991,9,9,0,45.455
ORL,1991,10,10,0,30.303
CLE,1991,11,11,0,15.152
BKN,1990,1,1,0,166.667
MIA,1990,2,3,-1,151.515
ORL,1990,3,4,-1,136.364
CHA/NOP,1990,4,5,-1,121.212
MIN,1990,5,6,-1,106.061
SAC,1990,6,7,-1,90.909
LAC,1990,7,8,-1,75.758
DAL,1990,8,9,-1,60.606
GSW,1990,9,10,-1,45.455
SEA/OKC,1990,10,2,8,30.303
ATL,1990,11,11,0,15.152
MIA,1989,1,4,-3,111.111
CHA/NOP,1989,2,5,-3,111.111
LAC,1989,3,2,1,111.111
SAS,1989,4,3,1,111.111
CHI,1989,5,6,-1,111.111
SAC,1989,6,1,5,111.111
IND,1989,7,7,0,111.111
DAL,1989,8,8,0,111.111
WAW,1989,9,9,0,111.111
LAC,1988,1,1,0,142.857
BKN,1988,2,4,-2,142.857
GSW,1988,3,5,-2,142.857
LAC,1988,4,6,-2,142.857
PHX,1988,5,7,-2,142.857
PHI,1988,6,3,3,142.857
IND,1988,7,2,5,142.857
LAC,1987,1,4,-3,142.857
NYK,1987,2,5,-3,142.857
BKN,1987,3,3,0,142.857
SAS,1987,4,1,3,142.857
SAC,1987,5,6,-1,142.857
CLE,1987,6,7,-1,142.857
PHX,1987,7,2,5,142.857
NYK,1986,1,5,-4,142.857
IND,1986,2,4,-2,142.857
DAL,1986,3,7,-4,142.857
GSW,1986,4,3,1,142.857
BOS,1986,5,2,3,142.857
PHI,1986,6,1,5,142.857
PHX,1986,7,6,1,142.857
IND,1985,1,2,-1,142.857
GSW,1985,2,7,-5,142.857
NYK,1985,3,1,2,142.857
SAC,1985,4,6,-2,142.857
LAC,1985,5,3,2,142.857
SEA/OKC,1985,6,4,2,142.857
ATL,1985,7,5,2,142.857
